date	model	fcst_var	fcst_lead	vx_mask	thresh_1	oy_1	on_1	thresh_2	oy_2	on_2	thresh_3	oy_3	on_3	thresh_4	oy_4	on_4	thresh_5	oy_5	on_5	thresh_6	oy_6	on_6	thresh_7	oy_7	on_7	thresh_8	oy_8	on_8	thresh_9	oy_9	on_9	thresh_10	oy_10	on_10	thresh_11	oy_11	on_11	thresh_n
2022-05-01 03:00:00	MPAS_EXPT1_ensprob	REFC_ENS_FREQ_ge20	030000	CONUS	-0.05	3498	745115	0.05	3355	69797	0.15	2929	33390	0.25	3121	19018	0.35	3750	12336	0.45	3897	8659	0.55	3962	6762	0.65	3369	4574	0.75	3006	3044	0.85	2388	2484	0.95	481	542	1.05
2022-05-01 05:00:00	MPAS_EXPT1_ensprob	REFC_ENS_FREQ_ge20	050000	CONUS	-0.05	2805	749108	0.05	3312	69523	0.15	4113	32539	0.25	4442	19006	0.35	4696	11504	0.45	4433	8489	0.55	3880	6147	0.65	3486	4493	0.75	2601	2695	0.85	1125	697	0.95	268	115	1.05
2022-05-01 10:00:00	MPAS_EXPT1_ensprob	REFC_ENS_FREQ_ge20	100000	CONUS	-0.05	2908	760394	0.05	3144	65272	0.15	4628	31490	0.25	4838	18879	0.35	4105	12896	0.45	3782	9197	0.55	2993	5991	0.65	1742	3359	0.75	941	1692	0.85	603	471	0.95	91	61	1.05
2022-05-01 18:00:00	MPAS_EXPT1_ensprob	REFC_ENS_FREQ_ge20	180000	CONUS	-0.05	3308	776353	0.05	3600	75082	0.15	3450	34866	0.25	2887	18080	0.35	2043	9184	0.45	1514	4056	0.55	1018	1775	0.65	615	747	0.75	283	363	0.85	109	114	0.95	19	11	1.05
2022-05-02 01:00:00	MPAS_EXPT1_ensprob	REFC_ENS_FREQ_ge20	010000	CONUS	-0.05	6566	835916	0.05	4710	38238	0.15	3120	15213	0.25	2787	7780	0.35	1897	4007	0.45	1498	2543	0.55	1314	1891	0.65	1211	1758	0.75	1255	1667	0.85	1821	1258	0.95	2035	992	1.05
2022-05-02 03:00:00	MPAS_EXPT1_ensprob	REFC_ENS_FREQ_ge20	030000	CONUS	-0.05	6068	791925	0.05	4945	62225	0.15	3670	24977	0.25	3069	13763	0.35	2807	7765	0.45	1682	4213	0.55	1338	2601	0.65	1524	1764	0.75	1540	1121	0.85	1534	392	0.95	450	104	1.05
2022-05-02 05:00:00	MPAS_EXPT1_ensprob	REFC_ENS_FREQ_ge20	050000	CONUS	-0.05	4321	787644	0.05	5548	62170	0.15	5067	25626	0.25	4372	12627	0.35	3658	8435	0.45	2408	4985	0.55	1713	3073	0.65	1141	2493	0.75	1037	1427	0.85	588	602	0.95	309	233	1.05
2022-05-02 10:00:00	MPAS_EXPT1_ensprob	REFC_ENS_FREQ_ge20	100000	CONUS	-0.05	3988	785932	0.05	3703	42393	0.15	4090	24378	0.25	4845	15901	0.35	4742	10755	0.45	5098	6443	0.55	4498	4844	0.65	4263	2963	0.75	3932	1833	0.85	3002	863	0.95	717	294	1.05
2022-05-02 12:00:00	MPAS_EXPT1_ensprob	REFC_ENS_FREQ_ge20	360000	CONUS	-0.05	6602	778428	0.05	4665	53030	0.15	3882	22774	0.25	3431	12899	0.35	3273	7769	0.45	3849	5415	0.55	4429	4941	0.65	3623	4233	0.75	3177	3100	0.85	2561	2022	0.95	2066	3308	1.05
2022-05-02 18:00:00	MPAS_EXPT1_ensprob	REFC_ENS_FREQ_ge20	180000	CONUS	-0.05	2773	759397	0.05	2434	54977	0.15	3876	24686	0.25	3989	14707	0.35	3227	10246	0.45	2815	7900	0.55	2987	6431	0.65	3544	6136	0.75	3589	4585	0.85	4247	5086	0.95	4151	7694	1.05
2022-05-03 01:00:00	MPAS_EXPT1_ensprob	REFC_ENS_FREQ_ge20	010000	CONUS	-0.05	4059	790618	0.05	3407	45268	0.15	3078	22018	0.25	2845	12701	0.35	2452	7413	0.45	2558	4931	0.55	2665	4215	0.65	3320	4196	0.75	3667	3817	0.85	4377	3722	0.95	5699	2451	1.05
2022-05-03 03:00:00	MPAS_EXPT1_ensprob	REFC_ENS_FREQ_ge20	030000	CONUS	-0.05	2636	753374	0.05	2707	60863	0.15	3234	28916	0.25	3624	18662	0.35	3830	11495	0.45	4176	7667	0.55	4879	6616	0.65	4984	5355	0.75	4797	3686	0.85	3669	2153	0.95	1734	420	1.05
2022-05-03 05:00:00	MPAS_EXPT1_ensprob	REFC_ENS_FREQ_ge20	050000	CONUS	-0.05	3076	769947	0.05	2325	51531	0.15	3988	25029	0.25	3228	15882	0.35	2682	11452	0.45	3434	8450	0.55	4312	5880	0.65	5605	3662	0.75	5708	2250	0.85	6231	1512	0.95	2894	399	1.05
2022-05-03 10:00:00	MPAS_EXPT1_ensprob	REFC_ENS_FREQ_ge20	100000	CONUS	-0.05	2127	777392	0.05	1643	45525	0.15	2207	22559	0.25	3022	15300	0.35	3296	10975	0.45	4879	8410	0.55	5283	6699	0.65	5790	4437	0.75	5941	2500	0.85	6918	1326	0.95	2997	251	1.05
2022-05-03 12:00:00	MPAS_EXPT1_ensprob	REFC_ENS_FREQ_ge20	360000	CONUS	-0.05	4031	787203	0.05	3684	45228	0.15	4718	21396	0.25	4216	12709	0.35	4627	9149	0.45	4438	6841	0.55	3811	5097	0.65	4240	4856	0.75	3868	4185	0.85	2115	1913	0.95	394	758	1.05
2022-05-03 18:00:00	MPAS_EXPT1_ensprob	REFC_ENS_FREQ_ge20	180000	CONUS	-0.05	2395	761814	0.05	2704	72769	0.15	2591	34271	0.25	1934	17757	0.35	1999	11006	0.45	2381	6638	0.55	2493	3811	0.65	2965	2487	0.75	4082	949	0.85	3121	155	0.95	1130	25	1.05
2022-05-04 01:00:00	MPAS_EXPT1_ensprob	REFC_ENS_FREQ_ge20	010000	CONUS	-0.05	5675	840000	0.05	2615	33115	0.15	1989	13685	0.25	1916	7597	0.35	1966	4516	0.45	1955	3637	0.55	2175	2488	0.65	2408	1972	0.75	2557	1872	0.85	2823	992	0.95	2819	705	1.05
2022-05-04 03:00:00	MPAS_EXPT1_ensprob	REFC_ENS_FREQ_ge20	030000	CONUS	-0.05	3504	791113	0.05	2494	56423	0.15	2553	26731	0.25	2378	13744	0.35	2670	8848	0.45	2754	6496	0.55	2939	4243	0.65	2662	2823	0.75	1992	1434	0.85	1595	816	0.95	1020	245	1.05
2022-05-04 05:00:00	MPAS_EXPT1_ensprob	REFC_ENS_FREQ_ge20	050000	CONUS	-0.05	2665	802108	0.05	2978	53050	0.15	2902	24309	0.25	2785	14854	0.35	2690	8682	0.45	2544	5540	0.55	2107	3555	0.65	2217	2206	0.75	1756	778	0.85	964	215	0.95	521	51	1.05
2022-05-04 10:00:00	MPAS_EXPT1_ensprob	REFC_ENS_FREQ_ge20	100000	CONUS	-0.05	3076	818157	0.05	2968	49988	0.15	2706	22063	0.25	2492	13249	0.35	2226	8827	0.45	1768	5357	0.55	1213	2877	0.65	665	1038	0.75	368	361	0.85	40	36	0.95	1	1	1.05
2022-05-04 12:00:00	MPAS_EXPT1_ensprob	REFC_ENS_FREQ_ge20	360000	CONUS	-0.05	4239	797068	0.05	3272	61802	0.15	3029	30523	0.25	2116	14283	0.35	1889	8259	0.45	1893	5611	0.55	1188	2811	0.65	368	931	0.75	29	165	0.85	0	1	0.95	0	0	1.05
2022-05-04 18:00:00	MPAS_EXPT1_ensprob	REFC_ENS_FREQ_ge20	180000	CONUS	-0.05	3220	760051	0.05	3796	82847	0.15	4191	33939	0.25	4491	16838	0.35	3894	8755	0.45	2210	4952	0.55	1164	3587	0.65	586	2818	0.75	289	1479	0.85	34	294	0.95	1	41	1.05
2022-05-05 01:00:00	MPAS_EXPT1_ensprob	REFC_ENS_FREQ_ge20	010000	CONUS	-0.05	6492	842059	0.05	3240	34712	0.15	2927	12716	0.25	2448	5917	0.35	1994	3289	0.45	2092	2268	0.55	2125	1744	0.65	2101	1421	0.75	2270	1414	0.85	2418	1205	0.95	3316	1309	1.05
2022-05-05 03:00:00	MPAS_EXPT1_ensprob	REFC_ENS_FREQ_ge20	030000	CONUS	-0.05	4762	802845	0.05	3321	50530	0.15	4061	23433	0.25	3619	12795	0.35	3035	6361	0.45	2144	3419	0.55	2251	2393	0.65	2819	1750	0.75	3415	1377	0.85	2374	666	0.95	1811	296	1.05
2022-05-05 05:00:00	MPAS_EXPT1_ensprob	REFC_ENS_FREQ_ge20	050000	CONUS	-0.05	5886	806258	0.05	5383	51146	0.15	3974	21970	0.25	3103	10646	0.35	2514	5389	0.45	2333	2786	0.55	1749	1313	0.65	2261	740	0.75	3317	641	0.85	3727	327	0.95	3778	236	1.05
2022-05-05 10:00:00	MPAS_EXPT1_ensprob	REFC_ENS_FREQ_ge20	100000	CONUS	-0.05	3752	800384	0.05	3451	49048	0.15	2432	21934	0.25	1947	11058	0.35	2242	5798	0.45	2660	3164	0.55	3225	2495	0.65	3792	2103	0.75	3914	2247	0.85	6389	2036	0.95	2325	3081	1.05
2022-05-05 12:00:00	MPAS_EXPT1_ensprob	REFC_ENS_FREQ_ge20	360000	CONUS	-0.05	7657	781398	0.05	3451	43378	0.15	2720	21268	0.25	2291	12748	0.35	1963	9111	0.45	2709	8131	0.55	2956	7092	0.65	3338	5918	0.75	5033	3137	0.85	1967	1135	0.95	2819	9257	1.05
2022-05-05 18:00:00	MPAS_EXPT1_ensprob	REFC_ENS_FREQ_ge20	180000	CONUS	-0.05	7247	735697	0.05	4635	56321	0.15	5369	29183	0.25	5920	14553	0.35	6285	9660	0.45	5333	7350	0.55	4946	5604	0.65	5557	3821	0.75	4308	2856	0.85	2448	2737	0.95	7252	12395	1.05
2022-05-06 01:00:00	MPAS_EXPT1_ensprob	REFC_ENS_FREQ_ge20	010000	CONUS	-0.05	5926	770762	0.05	3971	46189	0.15	4387	24719	0.25	4304	14489	0.35	4066	9552	0.45	3612	5895	0.55	3698	4722	0.65	4265	4161	0.75	4573	3146	0.85	4651	2739	0.95	7327	2323	1.05
2022-05-06 03:00:00	MPAS_EXPT1_ensprob	REFC_ENS_FREQ_ge20	030000	CONUS	-0.05	3212	722127	0.05	4257	72235	0.15	4371	38538	0.25	3959	22550	0.35	3563	14173	0.45	3589	9883	0.55	3545	6817	0.65	3528	4645	0.75	4151	3399	0.85	3470	2235	0.95	2536	2694	1.05
2022-05-06 05:00:00	MPAS_EXPT1_ensprob	REFC_ENS_FREQ_ge20	050000	CONUS	-0.05	3679	728871	0.05	4010	73465	0.15	4520	38593	0.25	4971	21893	0.35	5069	13426	0.45	5609	9501	0.55	5545	6364	0.65	3413	4242	0.75	1612	2342	0.85	1060	899	0.95	123	270	1.05
2022-05-06 10:00:00	MPAS_EXPT1_ensprob	REFC_ENS_FREQ_ge20	100000	CONUS	-0.05	4381	733180	0.05	4573	68053	0.15	4281	34555	0.25	5308	21967	0.35	6194	15546	0.45	5782	10135	0.55	4085	7267	0.65	2968	4666	0.75	2084	2704	0.85	646	1025	0.95	50	27	1.05
2022-05-06 12:00:00	MPAS_EXPT1_ensprob	REFC_ENS_FREQ_ge20	360000	CONUS	-0.05	10848	746883	0.05	4682	56084	0.15	3938	29386	0.25	4360	19577	0.35	4319	13480	0.45	3922	8513	0.55	3997	5382	0.65	4507	3075	0.75	5213	2485	0.85	3404	2040	0.95	1475	1907	1.05
2022-05-06 18:00:00	MPAS_EXPT1_ensprob	REFC_ENS_FREQ_ge20	180000	CONUS	-0.05	5238	731633	0.05	5839	57634	0.15	4996	35271	0.25	4182	23700	0.35	3678	14958	0.45	3099	8864	0.55	3346	5485	0.65	4057	4134	0.75	4352	3253	0.85	4693	2121	0.95	7491	1453	1.05
2022-05-07 01:00:00	MPAS_EXPT1_ensprob	REFC_ENS_FREQ_ge20	010000	CONUS	-0.05	3416	768048	0.05	3688	49085	0.15	4092	25455	0.25	5148	15789	0.35	5517	10247	0.45	4927	7212	0.55	4918	5952	0.65	4712	4960	0.75	3811	3669	0.85	3249	2244	0.95	2256	1082	1.05
2022-05-07 03:00:00	MPAS_EXPT1_ensprob	REFC_ENS_FREQ_ge20	030000	CONUS	-0.05	2030	740813	0.05	2193	55532	0.15	3187	30653	0.25	3419	21594	0.35	4018	16988	0.45	4148	12758	0.55	4042	8990	0.65	3541	6251	0.75	3981	4417	0.85	4795	2308	0.95	2659	1160	1.05
2022-05-07 05:00:00	MPAS_EXPT1_ensprob	REFC_ENS_FREQ_ge20	050000	CONUS	-0.05	2233	756480	0.05	2047	51413	0.15	2559	27500	0.25	3097	21058	0.35	3469	16158	0.45	3535	11241	0.55	3214	8674	0.65	3194	7099	0.75	3041	4951	0.85	2009	2917	0.95	1940	1648	1.05
2022-05-07 10:00:00	MPAS_EXPT1_ensprob	REFC_ENS_FREQ_ge20	100000	CONUS	-0.05	6378	789252	0.05	1562	44312	0.15	2052	23778	0.25	2762	16026	0.35	2585	10310	0.45	2428	7435	0.55	3332	5861	0.65	3983	4695	0.75	3712	2691	0.85	3063	1233	0.95	1568	459	1.05
2022-05-07 12:00:00	MPAS_EXPT1_ensprob	REFC_ENS_FREQ_ge20	360000	CONUS	-0.05	4222	806068	0.05	1980	34359	0.15	2641	21072	0.25	2376	14236	0.35	1828	9622	0.45	1517	5992	0.55	1287	5306	0.65	1256	4841	0.75	1620	4459	0.85	2474	4655	0.95	2244	5422	1.05
2022-05-07 18:00:00	MPAS_EXPT1_ensprob	REFC_ENS_FREQ_ge20	180000	CONUS	-0.05	3301	804229	0.05	2260	50038	0.15	2003	25074	0.25	1908	15805	0.35	1511	9969	0.45	1427	6479	0.55	1474	4227	0.65	1396	2841	0.75	1339	1944	0.85	568	1123	0.95	113	448	1.05
2022-05-08 01:00:00	MPAS_EXPT1_ensprob	REFC_ENS_FREQ_ge20	010000	CONUS	-0.05	5768	841557	0.05	3295	29089	0.15	2909	13221	0.25	2399	7489	0.35	1954	5541	0.45	1840	3724	0.55	1868	3032	0.65	2045	2358	0.75	2009	2168	0.85	1784	1672	0.95	2223	1532	1.05
2022-05-08 03:00:00	MPAS_EXPT1_ensprob	REFC_ENS_FREQ_ge20	030000	CONUS	-0.05	3857	800288	0.05	3321	46168	0.15	3241	22794	0.25	3288	13395	0.35	2419	8268	0.45	2545	5909	0.55	2906	4334	0.65	2464	3107	0.75	2604	1990	0.85	2567	1043	0.95	2613	356	1.05
2022-05-08 05:00:00	MPAS_EXPT1_ensprob	REFC_ENS_FREQ_ge20	050000	CONUS	-0.05	2752	806528	0.05	2166	39885	0.15	2936	20477	0.25	3031	13773	0.35	2992	10343	0.45	2772	7193	0.55	2897	4410	0.65	3477	2435	0.75	3651	1362	0.85	3815	736	0.95	1605	241	1.05
2022-05-08 10:00:00	MPAS_EXPT1_ensprob	REFC_ENS_FREQ_ge20	100000	CONUS	-0.05	3037	824269	0.05	1522	39039	0.15	1572	18236	0.25	1420	12141	0.35	1282	7044	0.45	1629	4705	0.55	2486	3451	0.65	4083	3120	0.75	2505	2047	0.85	2795	1185	0.95	499	1410	1.05
2022-05-08 12:00:00	MPAS_EXPT1_ensprob	REFC_ENS_FREQ_ge20	360000	CONUS	-0.05	7033	835055	0.05	1849	28870	0.15	1542	13550	0.25	1698	7977	0.35	1780	5164	0.45	1592	3536	0.55	1577	3000	0.65	1678	2841	0.75	3135	3558	0.85	2528	4285	0.95	584	6645	1.05
2022-05-08 18:00:00	MPAS_EXPT1_ensprob	REFC_ENS_FREQ_ge20	180000	CONUS	-0.05	2680	806182	0.05	2836	56908	0.15	2913	25634	0.25	2605	14288	0.35	1965	7942	0.45	1245	4304	0.55	1273	2761	0.65	1000	1676	0.75	816	1083	0.85	289	670	0.95	70	337	1.05
2022-05-09 01:00:00	MPAS_EXPT1_ensprob	REFC_ENS_FREQ_ge20	010000	CONUS	-0.05	4553	844217	0.05	2252	40043	0.15	2042	15232	0.25	1489	7732	0.35	1384	4660	0.45	1341	3223	0.55	1105	2415	0.65	928	1835	0.75	757	1409	0.85	713	942	0.95	719	486	1.05
2022-05-09 03:00:00	MPAS_EXPT1_ensprob	REFC_ENS_FREQ_ge20	030000	CONUS	-0.05	2309	791909	0.05	2244	62196	0.15	1744	27818	0.25	1462	15287	0.35	1250	9666	0.45	1220	6431	0.55	1475	4010	0.65	1617	2546	0.75	1773	1976	0.85	981	1328	0.95	27	208	1.05
2022-05-09 05:00:00	MPAS_EXPT1_ensprob	REFC_ENS_FREQ_ge20	050000	CONUS	-0.05	3225	808313	0.05	2195	56831	0.15	1318	23803	0.25	1189	13426	0.35	1217	7687	0.45	1140	4790	0.55	1047	3403	0.65	1674	2310	0.75	1819	1204	0.85	2014	244	0.95	595	33	1.05
2022-05-09 10:00:00	MPAS_EXPT1_ensprob	REFC_ENS_FREQ_ge20	100000	CONUS	-0.05	2974	826019	0.05	2546	44106	0.15	1302	16782	0.25	1228	10179	0.35	1478	7265	0.45	1606	4826	0.55	1762	3258	0.65	2556	2797	0.75	2625	2056	0.85	2281	846	0.95	723	262	1.05
2022-05-09 12:00:00	MPAS_EXPT1_ensprob	REFC_ENS_FREQ_ge20	360000	CONUS	-0.05	2467	825878	0.05	2405	29827	0.15	2263	18794	0.25	2219	13556	0.35	2489	9999	0.45	2493	6744	0.55	1903	4426	0.65	1295	3153	0.75	1369	2583	0.85	1329	2267	0.95	658	1360	1.05
2022-05-09 18:00:00	MPAS_EXPT1_ensprob	REFC_ENS_FREQ_ge20	180000	CONUS	-0.05	2330	831197	0.05	3254	47899	0.15	2470	20330	0.25	1538	9120	0.35	1253	4316	0.45	1022	2830	0.55	851	1942	0.65	801	1970	0.75	1226	2433	0.85	1179	1211	0.95	188	117	1.05
2022-05-10 01:00:00	MPAS_EXPT1_ensprob	REFC_ENS_FREQ_ge20	010000	CONUS	-0.05	2414	880897	0.05	956	24428	0.15	828	9771	0.25	921	5087	0.35	1099	3955	0.45	966	1808	0.55	919	1069	0.65	547	875	0.75	796	768	0.85	120	531	0.95	120	602	1.05
2022-05-10 03:00:00	MPAS_EXPT1_ensprob	REFC_ENS_FREQ_ge20	030000	CONUS	-0.05	934	850851	0.05	568	41534	0.15	707	18534	0.25	1231	10444	0.35	1055	5315	0.45	882	2606	0.55	589	1321	0.65	467	889	0.75	308	531	0.85	101	312	0.95	76	222	1.05
2022-05-10 05:00:00	MPAS_EXPT1_ensprob	REFC_ENS_FREQ_ge20	050000	CONUS	-0.05	1009	865207	0.05	789	40402	0.15	824	15046	0.25	705	5868	0.35	852	3285	0.45	853	1196	0.55	767	590	0.65	570	432	0.75	287	336	0.85	4	219	0.95	1	235	1.05
2022-05-10 10:00:00	MPAS_EXPT1_ensprob	REFC_ENS_FREQ_ge20	100000	CONUS	-0.05	3015	881471	0.05	980	35188	0.15	459	11368	0.25	209	4652	0.35	23	1586	0.45	0	473	0.55	1	51	0.65	0	1	0.75	0	0	0.85	0	0	0.95	0	0	1.05
2022-05-10 12:00:00	MPAS_EXPT1_ensprob	REFC_ENS_FREQ_ge20	360000	CONUS	-0.05	3387	919747	0.05	184	12806	0.15	40	2092	0.25	27	521	0.35	5	221	0.45	6	154	0.55	0	113	0.65	0	83	0.75	0	57	0.85	0	28	0.95	0	6	1.05
2022-05-10 18:00:00	MPAS_EXPT1_ensprob	REFC_ENS_FREQ_ge20	180000	CONUS	-0.05	1696	892475	0.05	733	34386	0.15	359	6688	0.25	161	1828	0.35	76	633	0.45	61	228	0.55	18	93	0.65	3	31	0.75	1	7	0.85	0	0	0.95	0	0	1.05
2022-05-11 01:00:00	MPAS_EXPT1_ensprob	REFC_ENS_FREQ_ge20	010000	CONUS	-0.05	2931	871763	0.05	1613	26659	0.15	1590	11162	0.25	1475	6228	0.35	1446	3191	0.45	1065	1846	0.55	956	1215	0.65	971	835	0.75	856	651	0.85	849	504	0.95	1282	389	1.05
2022-05-11 03:00:00	MPAS_EXPT1_ensprob	REFC_ENS_FREQ_ge20	030000	CONUS	-0.05	4143	837122	0.05	3048	45799	0.15	2486	19094	0.25	2245	9121	0.35	2273	4633	0.45	1225	2250	0.55	924	1021	0.65	1037	443	0.75	1175	144	0.85	827	59	0.95	392	16	1.05
2022-05-11 05:00:00	MPAS_EXPT1_ensprob	REFC_ENS_FREQ_ge20	050000	CONUS	-0.05	4097	848993	0.05	1987	44848	0.15	1699	15051	0.25	1513	7117	0.35	1777	3000	0.45	1391	1181	0.55	1662	385	0.65	1685	179	0.75	1131	76	0.85	1374	1	0.95	330	0	1.05
2022-05-11 10:00:00	MPAS_EXPT1_ensprob	REFC_ENS_FREQ_ge20	100000	CONUS	-0.05	1507	870376	0.05	1221	40025	0.15	901	11486	0.25	759	4886	0.35	752	2882	0.45	584	1503	0.55	334	1108	0.65	226	704	0.75	69	152	0.85	0	2	0.95	0	0	1.05
2022-05-11 12:00:00	MPAS_EXPT1_ensprob	REFC_ENS_FREQ_ge20	360000	CONUS	-0.05	3092	868799	0.05	1152	44406	0.15	853	13945	0.25	462	2534	0.35	476	807	0.45	328	582	0.55	301	542	0.65	270	303	0.75	262	133	0.85	177	45	0.95	4	4	1.05
2022-05-11 18:00:00	MPAS_EXPT1_ensprob	REFC_ENS_FREQ_ge20	180000	CONUS	-0.05	6309	868293	0.05	2151	39409	0.15	999	13516	0.25	573	5600	0.35	311	1513	0.45	296	216	0.55	205	47	0.65	21	12	0.75	0	5	0.85	0	1	0.95	0	0	1.05
2022-05-12 01:00:00	MPAS_EXPT1_ensprob	REFC_ENS_FREQ_ge20	010000	CONUS	-0.05	4020	871396	0.05	2135	30017	0.15	1592	8962	0.25	1570	3966	0.35	1396	2016	0.45	1310	1063	0.55	1379	804	0.65	1350	716	0.75	1144	510	0.85	957	234	0.95	2759	181	1.05
2022-05-12 03:00:00	MPAS_EXPT1_ensprob	REFC_ENS_FREQ_ge20	030000	CONUS	-0.05	3176	833383	0.05	2477	52324	0.15	2022	16131	0.25	1636	6888	0.35	1497	4063	0.45	1432	2444	0.55	1348	1712	0.65	1183	952	0.75	1286	416	0.85	1534	325	0.95	3029	219	1.05
2022-05-12 05:00:00	MPAS_EXPT1_ensprob	REFC_ENS_FREQ_ge20	050000	CONUS	-0.05	2548	830094	0.05	2164	48556	0.15	2029	19083	0.25	1694	7574	0.35	1961	4069	0.45	2365	2519	0.55	1951	1625	0.65	1631	1083	0.75	1792	534	0.85	2201	308	0.95	3469	227	1.05
2022-05-12 10:00:00	MPAS_EXPT1_ensprob	REFC_ENS_FREQ_ge20	100000	CONUS	-0.05	2674	820070	0.05	2581	40540	0.15	3417	16689	0.25	4956	10530	0.35	5123	6760	0.45	4295	4360	0.55	2620	2995	0.65	2213	1966	0.75	1487	1240	0.85	1301	1271	0.95	1296	1093	1.05
2022-05-12 12:00:00	MPAS_EXPT1_ensprob	REFC_ENS_FREQ_ge20	360000	CONUS	-0.05	8512	821294	0.05	6534	37554	0.15	4767	19025	0.25	3206	12425	0.35	2258	7674	0.45	1961	3891	0.55	1665	2171	0.65	909	1451	0.75	349	1008	0.85	202	738	0.95	538	1345	1.05
2022-05-12 18:00:00	MPAS_EXPT1_ensprob	REFC_ENS_FREQ_ge20	180000	CONUS	-0.05	5390	781851	0.05	3417	67662	0.15	2773	24088	0.25	2452	11482	0.35	1841	7015	0.45	1636	6192	0.55	1521	5168	0.65	1277	3086	0.75	960	1271	0.85	601	586	0.95	4163	5045	1.05
2022-05-13 12:00:00	MPAS_EXPT1_ensprob	REFC_ENS_FREQ_ge20	360000	CONUS	-0.05	10446	847706	0.05	3620	41946	0.15	1680	12982	0.25	1284	6933	0.35	739	4362	0.45	434	2153	0.55	306	1412	0.65	476	1012	0.75	143	545	0.85	42	562	0.95	14	680	1.05
